1.jpg
(109, 32),(109, 75),(80, 86),(29, 96),(36, 53),(138, 96),(190, 107),(190, 64),(95, 182),(87, 258),(87, 333),(124, 182),(131, 258),(131, 333),(109, 139),10.jpg
(116, 22),(104, 61),(75, 68),(75, 99),(81, 61),(122, 68),(116, 76),(87, 61),(81, 152),(75, 228),None,(110, 152),(122, 228),None,(98, 106),11.jpg
(64, 15),(76, 54),(52, 62),(76, 62),(99, 54),(99, 70),(111, 93),(99, 54),(70, 148),(58, 234),None,(99, 148),(105, 234),None,(82, 109),12.jpg
(120, 84),(120, 140),(91, 140),(77, 98),(70, 42),(141, 140),(155, 126),(155, 42),(105, 238),(77, 308),(56, 392),(134, 224),(155, 322),(183, 392),(120, 196),13.jpg
(103, 24),(103, 73),(70, 89),(70, 146),(70, 195),(141, 81),(141, 138),(141, 186),None,(45, 154),(51, 219),(141, 146),(180, 146),(167, 211),(115, 113),14.jpg
(88, 49),(121, 74),(121, 99),(143, 140),(176, 148),(143, 57),(110, 24),(55, 24),(165, 132),(132, 173),(132, 231),(198, 115),(253, 165),(264, 231),(165, 107),15.jpg
(260, 44),(219, 71),(187, 53),(240, 17),(292, 17),(229, 97),(208, 142),(167, 159),(135, 115),(73, 177),(73, 248),(167, 133),(219, 177),(208, 248),(177, 97),16.jpg
(79, 0),(85, 69),(56, 80),(51, 104),(39, 185),(119, 80),(125, 127),(130, 173),(73, 161),(51, 254),(34, 323),(108, 173),(125, 242),(147, 323),(91, 127),17.jpg
(111, 32),(117, 97),(83, 108),(41, 152),(83, 130),(145, 108),None,None,(97, 184),(48, 228),(41, 304),(131, 184),(187, 217),(180, 304),(111, 152),18.jpg
None,None,None,None,None,(118, 79),(123, 79),(106, 79),None,None,None,(90, 129),(50, 218),(28, 288),None,19.jpg
(73, 18),(62, 55),(45, 65),(85, 65),(125, 46),(79, 65),(102, 93),(96, 74),(68, 130),(51, 204),(28, 260),(85, 121),(113, 204),(28, 270),(68, 93),2.jpg
(102, 10),(109, 61),(81, 71),(27, 71),(40, 102),(136, 71),(183, 71),(177, 92),(88, 164),(81, 246),(81, 317),(122, 164),(129, 246),(129, 317),(109, 123),20.jpg
(75, 52),(75, 94),(56, 105),(44, 63),(37, 21),(94, 105),(94, 126),(88, 73),(63, 189),(44, 262),(37, 304),(88, 178),(107, 241),(119, 294),(75, 147),21.jpg
(77, 0),(70, 43),(51, 52),(12, 52),(19, 26),(96, 52),(135, 61),(167, 61),(64, 122),(51, 183),(38, 245),(90, 122),(109, 183),(122, 245),(77, 87),22.jpg
(130, 47),(130, 85),(110, 95),(71, 95),(39, 95),(149, 95),(156, 57),(156, 19),(110, 152),(97, 209),(91, 275),(136, 152),(156, 209),(162, 275),(123, 123),23.jpg
(115, 0),(115, 30),(90, 46),(57, 53),(25, 46),(135, 46),(173, 61),(167, 30),(103, 107),(90, 161),(83, 215),(128, 107),(141, 161),(154, 215),(115, 76),24.jpg
(100, 15),(100, 62),(75, 69),(43, 77),(75, 69),(125, 77),(156, 77),(125, 77),(87, 139),(37, 162),(37, 217),(112, 139),(162, 162),(162, 224),(100, 108),25.jpg
(45, 8),(52, 40),(30, 56),(22, 73),(45, 56),(68, 40),(90, 56),(60, 48),None,None,None,None,None,None,None,26.jpg
(172, 7),(165, 35),(142, 35),(120, 35),(150, 35),(187, 49),(217, 57),(180, 42),(142, 85),(135, 149),None,(157, 92),(150, 149),(142, 199),(157, 64),3.jpg
(90, 89),(95, 153),(112, 166),(50, 102),(56, 51),(73, 153),(135, 102),(140, 64),(78, 256),(84, 397),None,(101, 256),(112, 397),None,(90, 205),4.jpg
(121, 17),(130, 71),(139, 80),(111, 116),(93, 80),(130, 80),(74, 116),(83, 71),(139, 169),(186, 232),(260, 232),(121, 169),(46, 160),(65, 232),(130, 125),6.jpg
(58, 41),(63, 83),(43, 91),None,None,(78, 91),(107, 99),(136, 99),(48, 141),(34, 182),(29, 232),(68, 141),(78, 191),(87, 232),(58, 116),7.jpg
(102, 40),(102, 80),(86, 80),(59, 80),(26, 88),(112, 80),(118, 48),(118, 24),(91, 137),(80, 185),(69, 233),(112, 137),(118, 185),(129, 233),(102, 104),8.jpg
(51, 12),(57, 51),(31, 57),(0, 57),(25, 57),(76, 57),(89, 64),(63, 57),(51, 109),(25, 135),(31, 180),(76, 109),(114, 154),(159, 186),(57, 83),9.jpg
(126, 24),(126, 54),(107, 60),(88, 72),(113, 66),(145, 60),(164, 66),(132, 66),(113, 109),(69, 145),(25, 169),(132, 109),(157, 133),(145, 175),(126, 84),